100  10
*
A
0 0 0 1 0 0 0 0 1 0 
0 0 0 0 0 0 0 0 0 0 
0 0 0 0 0 0 0 0 0 0 
0 0 0 0 0 0 0 0 0 0 
0 0 0 0 0 0 0 0 0 1 
0 0 0 0 0 0 0 0 0 0 
0 0 0 0 0 0 1 1 0 0 
0 0 1 0 0 0 0 0 0 0 
0 0 0 0 0 0 0 0 0 0 
0 0 0 1 0 1 0 1 1 0 
*
B
0 0 1 0 0 0 0 1 0 0 
0 0 0 0 0 0 0 0 0 0 
0 0 0 0 0 0 0 0 0 0 
0 0 0 0 0 0 0 0 0 0 
0 0 0 0 0 0 0 0 1 0 
0 0 0 0 0 0 0 0 0 0 
0 0 0 0 0 1 1 0 0 0 
0 1 0 0 0 0 0 0 0 0 
0 0 0 0 0 0 0 0 0 0 
0 0 1 0 1 0 1 1 0 0 
*
A
*
0
60
0
6
2
8
0
13
0
69
0
25
0
45
7
45
0
23
0
84
0
0
0
38
0
1
0
20
0
32
0
73
0
40
0
84
0
50
0
8
0
65
0
52
0
69
0
12
0
49
0
35
0
85
0
95
0
91
0
83
0
14
0
51
0
41
0
22
0
16
0
10
0
0
0
13
0
55
0
23
0
98
0
7
0
62
0
51
0
27
0
94
0
77
0
19
48
30
0
27
0
80
0
95
0
79
0
49
0
60
0
81
0
36
0
45
0
28
0
79
0
80
0
42
0
30
0
21
0
17
65
99
66
83
0
17
0
12
0
39
0
40
71
62
0
46
0
54
0
66
0
26
0
49
0
43
0
97
0
79
0
22
0
77
0
27
0
54
0
78
0
87
0
87
0
15
0
84
0
15
0
46
0
16
92
57
0
77
94
89
0
74
96
28
97
72
0
91
0
92
-1
