49   2
*
A
0 0 1 1 1 0 0 
0 0 0 0 0 0 0 
0 0 0 0 0 0 0 
0 0 0 0 0 0 0 
0 1 1 1 0 0 0 
0 0 0 0 0 0 0 
0 0 0 0 0 0 0 
*
B
0 0 0 0 0 0 0 
0 0 0 0 1 1 1 
0 0 0 0 0 0 0 
0 0 0 0 0 0 0 
1 1 1 0 0 0 0 
0 0 0 0 0 0 0 
0 0 0 0 0 0 0 
*
A
*
0 
21 
42 
28 
42 
14 
28 
14 
0 
35 
35 
14 
7 
42 
21 
0 
42 
7 
7 
0 
42 
42 
0 
35 
28 
7 
7 
7 
0 
21 
21 
35 
42 
21 
14 
21 
35 
35 
21 
28 
7 
0 
28 
21 
28 
0 
7 
7 
7 
14 
7 
7 
7 
42 
28 
21 
35 
35 
28 
28 
42 
42 
14 
21 
14 
21 
28 
35 
42 
0 
14 
0 
35 
28 
21 
14 
35 
14 
21 
28 
28 
14 
21 
35 
0 
35 
0 
35 
7 
28 
14 
35 
7 
21 
7 
7 
42 
35 
0 
35 
28 
0 
21 
14 
35 
35 
21 
7 
0 
42 
35 
35 
0 
0 
7 
0 
35 
7 
35 
0 
28 
42 
21 
35 
14 
35 
0 
7 
7 
35 
28 
35 
35 
0 
42 
21 
35 
14 
28 
42 
12
23
-1